1773221703.756387328
1773221709.417355776
1773221709.635737856
1773221709.837321216
1773221710.038905088
1773221710.240488704
1773221710.442069248
1773221710.643646976
1773221710.845224448
1773221711.046801664
1773221711.248378880
1773221711.449955328
1773221711.651530496
1773221711.836307456
1773221712.037882112
1773221712.239456512
1773221712.441031168
1773221712.642606080
1773221712.844180736
1773221713.045755136
1773221713.247329024
1773221713.448904448
1773221713.650480384
1773221713.852056320
1773221714.053632000
1773221714.255207424
1773221714.456783360
1773221714.641561600
1773221714.843137792
1773221715.044713472
1773221715.246289152
1773221715.447866624
1773221715.649446656
1773221715.851026176
1773221716.052605952
1773221716.254185728
1773221716.438971648
1773221716.657362432
1773221716.858955008
1773221717.060548352
1773221717.245343232
1773221717.446926592
1773221717.648497920
1773221717.850068480
1773221718.051639296
1773221718.253209600
1773221718.454785024
1773221718.656364544
1773221718.841145856
1773221719.059523328
1773221719.261103104
1773221719.462682368
1773221719.647462912
1773221719.849041920
1773221720.050620928
1773221720.252199680
1773221720.453778944
1773221720.655359232
1773221720.856939008
1773221721.058519040
1773221721.243300864
1773221721.461678848
1773221721.663258880
1773221721.864838912
1773221722.066418688
1773221722.251200512
1773221722.452781568
1773221722.654363904
1773221722.855946496
1773221723.057529344
1773221723.259111936
1773221723.460695552
1773221723.662279424
1773221723.863863808
1773221724.065448192
1773221724.267032832
1773221724.468614656
1773221724.653395968
1773221724.854975232
1773221725.056554752
1773221725.258133760
1773221725.459717888
1773221725.661308928
1773221725.862900480
1773221726.047693056
1773221726.266084864
1773221726.467667712
1773221726.669239552
1773221726.870811392
1773221727.072382720
1773221727.273953792
1773221727.458731264
1773221727.660310528
1773221727.845091584
1773221728.063469312
1773221728.265048576
1773221728.466627584
1773221728.668206848
1773221728.869785856
1773221729.071364864
1773221729.272943872
1773221729.457725440
1773221729.676104192
1773221729.877684736
1773221730.062466816
1773221730.264047360
1773221730.465641984
1773221730.667257600
1773221730.868873984
1773221731.053690624
1773221731.272111360
1773221731.473710592
1773221731.675288832
1773221731.876866816
1773221732.078445056
1773221732.280023040
1773221732.464802304
1773221732.666378240
1773221732.867954176
1773221733.069529856
1773221733.271105536
1773221733.472680448
1773221733.674254080
1773221733.875827456
