1773211296.243536384
1773211296.344364544
1773211296.445193728
1773211296.546023168
1773211296.646839296
1773211296.747627520
1773211296.848415744
1773211296.949203968
1773211297.049991936
1773211297.150779904
1773211297.251567616
1773211297.335557376
1773211297.453143040
1773211297.553930496
1773211297.637920768
1773211297.738708736
1773211297.839496704
1773211297.940284416
1773211298.041072384
1773211298.141859840
1773211298.242647552
1773211298.343434752
1773211298.444222208
1773211298.545009152
1773211298.645797120
1773211298.746585088
1773211298.847373056
1773211298.948160768
1773211299.048948480
1773211299.149736192
1773211299.250523648
1773211299.351311104
1773211299.452098304
1773211299.552885504
1773211299.653673216
1773211299.754461440
1773211299.838451712
1773211299.939239680
1773211300.040027904
1773211300.140815872
1773211300.241603840
1773211300.342391552
1773211300.443179264
1773211300.543966720
1773211300.644754944
1773211300.745542912
1773211300.846331136
1773211300.947119104
1773211301.047907072
1773211301.148694784
1773211301.249482496
1773211301.333472256
1773211301.451057664
1773211301.551844864
1773211301.652633088
1773211301.753422592
1773211301.854212096
1773211301.854212096
1773211305.852171008
1773211305.952958976
1773211305.952958976
1773211306.137736960
1773211306.238524928
1773211306.389706752
1773211306.389706752
1773211306.540888064
1773211306.540888064
1773211306.742464000
1773211306.843252224
1773211306.843252224
1773211307.044828160
1773211307.044828160
1773211307.246403840
1773211307.246403840
1773211307.431180800
1773211307.431180800
1773211307.649553920
1773211307.649553920
1773211307.851131136
1773211307.851131136
1773211308.052707840
1773211308.052707840
1773211308.237486336
1773211308.355072512
1773211308.355072512
1773211308.539850496
1773211308.640638464
1773211308.741426176
1773211308.741426176
1773211308.943001600
1773211309.043789312
1773211309.144577024
1773211309.245364224
1773211309.346151424
1773211309.346151424
1773211309.547725568
1773211309.547725568
1773211309.749300480
1773211309.749300480
1773211309.950875648
1773211310.051663104
1773211310.152450304
1773211310.152450304
1773211310.354024192
1773211310.438013440
1773211310.538800128
1773211310.639586560
1773211310.740374272
1773211310.740374272
1773211310.941948928
1773211311.042736384
1773211311.143523328
1773211311.244310528
1773211311.345097472
1773211311.345097472
1773211311.546671360
1773211311.647458304
1773211311.748265472
1773211311.849072896
1773211311.949881344
1773211311.949881344
1773211312.151500032
1773211312.252310272
1773211312.353121280
1773211312.453932800
1773211312.537943040
1773211312.638755840
1773211312.739547648
1773211312.840339712
1773211312.941131264
1773211313.041923072
1773211313.142715136
1773211313.243506944
1773211313.344298496
1773211313.445090560
1773211313.545882368
1773211313.646674176
1773211313.747465216
1773211313.848256512
1773211313.932249600
1773211314.049839104
1773211314.150630400
1773211314.251421696
1773211314.352212992
1773211314.453004032
1773211314.536996864
1773211314.637788160
1773211314.738579712
1773211314.839371776
1773211314.940163584
1773211315.040955392
1773211315.141747200
1773211315.242539008
1773211315.343331072
1773211315.444122880
1773211315.544914432
1773211315.645706496
1773211315.746499072
1773211315.847291648
1773211315.948084480
1773211316.048877056
1773211316.149669632
1773211316.250462464
1773211316.334456576
1773211316.452048128
1773211316.452048128
1773211318.215922688
1773211318.215922688
1773211318.333516544
1773211318.333516544
1773211318.551906048
1773211318.551906048
1773211318.736695296
1773211318.887885056
1773211318.887885056
1773211319.039074560
1773211319.039074560
1773211319.240660992
1773211319.341453824
1773211319.341453824
1773211319.543040256
1773211319.543040256
1773211319.744624896
1773211319.845416192
1773211319.845416192
1773211320.046998272
1773211320.046998272
1773211320.248580608
1773211320.349371648
1773211320.349371648
1773211320.550953728
1773211320.550953728
1773211320.752535552
1773211320.853326848
1773211320.853326848
1773211321.038110720
1773211321.155700224
1773211321.155700224
1773211321.340483584
1773211321.441274880
1773211321.542065920
1773211321.642856960
1773211321.642856960
1773211321.844439296
1773211321.844439296
1773211322.046021376
1773211322.146812416
1773211322.247603456
1773211322.348394752
1773211322.449185792
1773211322.449185792
1773211322.650767872
1773211322.751558400
1773211322.852348928
1773211322.953139456
1773211323.053929728
1773211323.053929728
1773211323.238712064
1773211323.339502336
1773211323.440292608
1773211323.541082880
1773211323.641873408
1773211323.641873408
1773211323.843455744
1773211323.944247296
1773211324.045038592
1773211324.145830144
1773211324.246621440
1773211324.246621440
1773211324.448204032
1773211324.548995328
1773211324.649786624
1773211324.750577920
1773211324.851368960
1773211324.952160256
1773211325.052951296
1773211325.136943616
1773211325.237734912
1773211325.338525952
1773211325.439316992
1773211325.540108032
1773211325.640898816
1773211325.741690368
1773211325.842481920
1773211325.943273472
1773211326.044065024
1773211326.144856320
1773211326.245647872
1773211326.346439424
1773211326.447230976
1773211326.548022528
1773211326.648814336
1773211326.749603328
1773211326.850392064
1773211326.951180544
1773211327.035170816
1773211327.152757504
1773211327.253545984
1773211327.337536256
1773211327.438324224
1773211327.539112448
1773211327.639900416
1773211327.740690944
1773211327.841482240
1773211327.942273536
1773211327.942273536
1773211330.025290496
1773211330.025290496
1773211330.142880256
1773211330.243671552
1773211330.243671552
1773211330.445254144
1773211330.445254144
1773211330.646836736
1773211330.646836736
1773211330.848419328
1773211330.848419328
1773211331.050002688
1773211331.050002688
1773211331.251585792
1773211331.251585792
1773211331.453168640
1773211331.453168640
1773211331.637953280
1773211331.755544064
1773211331.755544064
1773211331.940329472
1773211332.041121536
1773211332.141913856
1773211332.141913856
1773211332.343497984
1773211332.343497984
1773211332.545082624
1773211332.645874688
1773211332.746666240
1773211332.847457792
1773211332.847457792
1773211333.049040384
1773211333.149831424
1773211333.250622720
1773211333.351414016
1773211333.452205568
1773211333.452205568
1773211333.653788160
1773211333.653788160
1773211333.838585600
1773211333.939386368
1773211334.040187136
1773211334.140988416
1773211334.140988416
1773211334.342591232
1773211334.443393024
1773211334.544194816
1773211334.644997120
1773211334.745793280
1773211334.745793280
1773211334.947379456
1773211335.048172544
1773211335.148965632
1773211335.249758720
1773211335.350552320
1773211335.350552320
1773211335.552138752
1773211335.652932096
1773211335.753723648
1773211335.837715968
1773211335.938506752
1773211336.056096256
1773211336.056096256
1773211336.240879360
1773211336.341670144
1773211336.442460928
1773211336.543251456
1773211336.644042240
1773211336.744833024
1773211336.845624064
1773211336.946414848
1773211337.047205632
1773211337.131197696
1773211337.248787200
1773211337.349577728
1773211337.433570048
1773211337.551159296
1773211337.651949824
1773211337.752740608
1773211337.836733184
1773211337.937524224
1773211338.038315264
1773211338.139106304
1773211338.239897344
1773211338.340688128
1773211338.441478912
1773211338.542269952
1773211338.643060992
1773211338.743851776
1773211338.844642304
1773211338.945432832
1773211339.046223360
1773211339.147013632
1773211339.247804160
1773211339.348594688
1773211339.449384960
1773211339.550175232
1773211339.650965760
1773211339.751757312
1773211339.852549632
1773211339.953341696
1773211340.054134016
1773211340.138127360
1773211340.238919680
1773211340.339712000
1773211340.440504064
1773211340.541296384
1773211340.541296384
1773211341.717155328
1773211341.717155328
1773211341.851543808
1773211341.952334848
1773211342.053126144
1773211342.053126144
1773211342.237910272
1773211342.237910272
1773211342.439492352
1773211342.439492352
1773211342.641074944
1773211342.641074944
1773211342.842799360
1773211342.842799360
1773211343.044601600
1773211343.044601600
1773211343.246411776
1773211343.246411776
1773211343.448230144
1773211343.549142528
1773211343.650056704
1773211343.750905344
1773211343.750905344
1773211343.952467712
1773211343.952467712
1773211344.154029056
1773211344.254809600
1773211344.355589376
1773211344.439572480
1773211344.557148672
1773211344.557148672
1773211344.741912576
1773211344.842693120
1773211344.943473152
1773211345.044252928
1773211345.044252928
1773211345.245811712
1773211345.346590720
1773211345.447369472
1773211345.548147968
1773211345.648925952
1773211345.648925952
1773211345.850486784
1773211345.951267072
1773211346.052046848
1773211346.152826624
1773211346.152826624
1773211346.354384896
1773211346.354384896
1773211346.539145728
1773211346.639923968
1773211346.740702976
1773211346.841483776
1773211346.942264320
1773211347.043044864
1773211347.143824896
1773211347.244604416
1773211347.345383936
1773211347.446163456
1773211347.546942208
1773211347.647720960
1773211347.731704576
1773211347.849282048
1773211347.950062336
1773211348.050842112
1773211348.151621888
1773211348.252401152
1773211348.353180160
1773211348.437162496
1773211348.554737664
1773211348.638719488
1773211348.739499264
1773211348.840280064
1773211348.941060608
1773211349.041840896
1773211349.142620928
1773211349.243400448
1773211349.344179712
1773211349.444958720
1773211349.545737472
1773211349.646516224
1773211349.747294976
1773211349.831278336
1773211349.948855040
1773211349.948855040
1773211351.594941440
1773211351.594941440
1773211351.746113536
1773211351.846895104
1773211351.947676416
1773211351.947676416
1773211352.149238272
1773211352.250018816
1773211352.250018816
1773211352.451579136
1773211352.451579136
1773211352.653138432
1773211352.653138432
1773211352.837905152
1773211352.972281856
1773211352.972281856
1773211353.140251904
1773211353.140251904
1773211353.341815296
1773211353.341815296
1773211353.543377408
1773211353.644158208
1773211353.644158208
1773211353.845721856
1773211353.946503680
1773211354.047285504
1773211354.148066560
1773211354.248847872
1773211354.248847872
1773211354.450409216
1773211354.450409216
1773211354.651969792
1773211354.651969792
1773211354.853532160
1773211354.954314240
1773211355.038298880
1773211355.155876864
1773211355.155876864
1773211355.340641792
1773211355.441422336
1773211355.542202624
1773211355.642982656
1773211355.642982656
1773211355.844545536
1773211355.945327360
1773211356.046108928
1773211356.146890496
1773211356.247671552
1773211356.247671552
1773211356.449233152
1773211356.550013440
1773211356.650793728
1773211356.751574016
1773211356.852354048
1773211356.852354048
1773211357.053913088
1773211357.137895424
1773211357.238674432
1773211357.238674432
1773211357.440230656
1773211357.440230656
1773211357.641785600
1773211357.641785600
1773211357.843345152
1773211357.944126464
1773211358.044907776
1773211358.145688576
1773211358.246469120
1773211358.246469120
1773211358.448028928
1773211358.548808960
1773211358.649588480
1773211358.750377984
1773211358.851218688
1773211358.851218688
1773211359.052906752
1773211359.136945920
1773211359.237794560
1773211359.338645504
1773211359.439498496
1773211359.439498496
1773211359.641210368
1773211359.742058496
1773211359.842851072
1773211359.943643904
1773211360.044436480
1773211360.044436480
1773211360.246022144
1773211360.346814976
1773211360.447607808
1773211360.548400896
1773211360.649193728
1773211360.649193728
1773211360.850778624
1773211360.951570432
1773211361.052362496
1773211361.153154816
1773211361.237148160
1773211361.354738944
1773211361.354738944
1773211361.539524352
1773211361.640316672
1773211361.741108736
1773211361.841900800
1773211361.841900800
1773211362.043484928
1773211362.144276992
1773211362.245069056
1773211362.345861376
1773211362.446653440
1773211362.446653440
1773211362.648237824
1773211362.648237824
1773211362.849822976
1773211362.933816832
1773211363.051408640
1773211363.152201728
1773211363.252994304
1773211363.353787392
1773211363.437781760
1773211363.538574592
1773211363.639367680
1773211363.740160768
1773211363.840952576
1773211363.941744640
1773211364.042536704
1773211364.143328512
1773211364.244120576
1773211364.344912896
1773211364.445704960
1773211364.546496768
1773211364.647288832
1773211364.748080896
1773211364.848878848
1773211364.949677056
1773211365.050475264
1773211365.151273728
1773211365.252072192
1773211365.352870912
1773211365.453669632
1773211365.537668608
1773211365.638467840
1773211365.739266816
1773211365.840055808
1773211365.940845056
1773211366.041633792
1773211366.142422272
1773211366.243211008
1773211366.343999488
1773211366.444787968
1773211366.545576448
1773211366.646364416
1773211366.747152896
1773211366.747152896
1773211368.326208512
1773211368.426999040
1773211368.426999040
1773211368.544587776
1773211368.645378304
1773211368.645378304
1773211368.846997504
1773211368.947834112
1773211369.048671488
1773211369.048671488
1773211369.250348544
1773211369.250348544
1773211369.452029184
1773211369.452029184
1773211369.653713408
1773211369.653713408
1773211369.838546688
1773211369.939334144
1773211370.040121856
1773211370.040121856
1773211370.241696768
1773211370.241696768
1773211370.443271168
1773211370.544058368
1773211370.644845312
1773211370.745632000
1773211370.846419712
1773211370.846419712
1773211371.047993344
1773211371.148780032
1773211371.249566720
1773211371.350353152
1773211371.451139072
1773211371.451139072
1773211371.652711424
1773211371.753497344
1773211371.854287872
1773211371.938279936
1773211372.039070464
1773211372.156659456
1773211372.156659456
1773211372.341441792
1773211372.442232064
1773211372.543022336
1773211372.643812608
1773211372.643812608
1773211372.845390848
1773211372.946178560
1773211373.046966016
1773211373.147753472
1773211373.248540416
1773211373.349327616
1773211373.450114816
1773211373.550901504
1773211373.651688448
1773211373.752475136
1773211373.853261824
1773211373.954047488
1773211374.038035456
1773211374.138820864
1773211374.239606272
1773211374.340391424
1773211374.441176320
1773211374.541961216
1773211374.642746112
1773211374.743530496
1773211374.844316672
1773211374.945103104
1773211375.045889280
1773211375.146675200
1773211375.247461120
1773211375.348246784
1773211375.449032448
1773211375.549817856
1773211375.650603264
1773211375.751388416
1773211375.852174848
1773211375.952960768
1773211376.053746432
1773211376.154532096
1773211376.238519808
1773211376.339304960
1773211376.440090112
1773211376.540875008
1773211376.641659648
1773211376.742444288
1773211376.843230464
1773211376.944016384
1773211377.044802304
1773211377.145587968
1773211377.246373376
1773211377.347158784
1773211377.447944192
1773211377.548729088
1773211377.649513984
1773211377.649513984
1773211379.515542528
1773211379.515542528
1773211379.649901312
1773211379.750669824
1773211379.851441664
1773211379.851441664
1773211380.036191488
1773211380.153758464
1773211380.153758464
1773211380.338505728
1773211380.439276032
1773211380.439276032
1773211380.640815360
1773211380.640815360
1773211380.842358528
1773211380.842358528
1773211381.043908608
1773211381.144683008
1773211381.144683008
1773211381.346230528
1773211381.346230528
1773211381.547776512
1773211381.547776512
1773211381.749320960
1773211381.749320960
1773211381.950865664
1773211381.950865664
1773211382.152408832
1773211382.152408832
1773211382.353950208
1773211382.437925120
1773211382.555489280
1773211382.555489280
1773211382.740231680
1773211382.740231680
1773211382.941776128
1773211382.941776128
1773211383.143318784
1773211383.244089344
1773211383.244089344
1773211383.445628928
1773211383.546397952
1773211383.647166464
1773211383.747934208
1773211383.747934208
1773211383.949478144
1773211383.949478144
1773211384.151019776
1773211384.251789824
1773211384.352559616
1773211384.453328640
1773211384.554097152
1773211384.554097152
1773211384.738838016
1773211384.839618816
1773211384.940413696
1773211385.041209344
1773211385.142005248
1773211385.142005248
1773211385.343597824
1773211385.444394752
1773211385.545192448
1773211385.645990144
1773211385.746788352
1773211385.746788352
1773211385.948352512
1773211386.049128960
1773211386.149904896
1773211386.250680320
1773211386.351455488
1773211386.351455488
1773211386.553004800
1773211386.653778944
1773211386.737757184
1773211386.838533888
1773211386.939313664
1773211387.040092928
1773211387.140872192
1773211387.241650944
1773211387.342429184
1773211387.443206912
1773211387.543984896
1773211387.644762112
1773211387.745539072
1773211387.846350592
1773211387.947229696
1773211388.048110336
1773211388.148992768
1773211388.249876480
1773211388.350761984
1773211388.451649024
1773211388.552537600
1773211388.653427968
1773211388.754319872
1773211388.838355968
1773211388.939124224
1773211389.039891968
1773211389.140658944
1773211389.241425408
1773211389.342191104
1773211389.442956288
1773211389.543720960
1773211389.644484864
1773211389.745248256
1773211389.846014976
1773211389.946781696
1773211390.047547904
1773211390.148313344
1773211390.249078016
1773211390.349842176
1773211390.450605824
1773211390.551368704
1773211390.652130816
1773211390.752892416
1773211390.853657600
1773211390.937630720
1773211391.038397440
1773211391.139163392
1773211391.239928832
1773211391.340693504
1773211391.441457920
1773211391.441457920
1773211392.751374080
1773211392.751374080
1773211392.936110848
1773211392.936110848
1773211393.137643264
1773211393.238408704
1773211393.355967488
1773211393.355967488
1773211393.540700672
1773211393.540700672
1773211393.742225664
1773211393.843003136
1773211393.943853056
1773211393.943853056
1773211394.145560832
1773211394.145560832
1773211394.347278848
1773211394.347278848
1773211394.549007104
1773211394.549007104
1773211394.750745856
1773211394.851589120
1773211394.851589120
1773211395.036358400
1773211395.036358400
1773211395.237924352
1773211395.338706944
1773211395.439489280
1773211395.540271360
1773211395.540271360
1773211395.741835264
1773211395.842617856
1773211395.943401216
1773211396.044183808
1773211396.144966656
1773211396.144966656
1773211396.346531072
1773211396.346531072
1773211396.548094720
1773211396.648876288
1773211396.749657344
1773211396.850438912
1773211396.850438912
1773211397.052003584
1773211397.152785664
1773211397.253567488
1773211397.354348800
1773211397.438333184
1773211397.555911168
1773211397.555911168
1773211397.740675840
1773211397.841457152
1773211397.942239744
1773211398.043022336
1773211398.043022336
1773211398.244586240
1773211398.345367552
1773211398.446149120
1773211398.546930176
1773211398.647710976
1773211398.647710976
1773211398.849272832
1773211398.950054912
1773211399.050836736
1773211399.151618048
1773211399.252399360
1773211399.336383488
1773211399.453961216
1773211399.537944832
1773211399.638725120
1773211399.739505152
1773211399.840285440
1773211399.941067776
1773211400.041850112
1773211400.142632448
1773211400.243414016
1773211400.344195584
1773211400.444976896
1773211400.545757952
1773211400.646538752
1773211400.747319296
1773211400.848100352
1773211400.948881408
1773211401.049662464
1773211401.150442752
1773211401.234426624
1773211401.352003072
1773211401.452782848
1773211401.536765952
1773211401.637545216
1773211401.738323968
1773211401.839102976
1773211401.939887616
1773211402.040672000
1773211402.141456640
1773211402.242240512
1773211402.343024384
1773211402.443807744
1773211402.544591360
1773211402.645374464
1773211402.746157568
1773211402.846940672
1773211402.947725824
1773211403.048510464
1773211403.149295104
1773211403.250079488
1773211403.350864128
1773211403.434850816
1773211403.552432128
1773211403.636418816
1773211403.753999616
1773211403.837985536
1773211405.081602048
1773211405.182391040
1773211405.182391040
1773211405.350373120
1773211405.350373120
1773211405.551950848
1773211405.551950848
1773211405.753528832
1773211405.753528832
1773211405.938316032
1773211406.055910656
1773211406.055910656
1773211406.240702464
1773211406.240702464
1773211406.442293760
1773211406.442293760
1773211406.643885056
1773211406.643885056
1773211406.845476096
1773211406.845476096
1773211407.047058688
1773211407.047058688
1773211407.248641280
1773211407.248641280
1773211407.450223616
1773211407.450223616
1773211407.635007488
1773211407.635007488
1773211407.853388544
1773211407.853388544
1773211408.038173440
1773211408.038173440
1773211408.239756544
1773211408.239756544
1773211408.441339904
1773211408.441339904
1773211408.642923008
1773211408.642923008
1773211408.844506112
1773211408.945297408
1773211409.046088448
1773211409.146879744
1773211409.247670784
1773211409.247670784
1773211409.449252864
1773211409.550044160
1773211409.650835200
1773211409.751626240
1773211409.852417280
1773211409.852417280
1773211410.053999360
1773211410.137991680
1773211410.238782464
1773211410.339573504
1773211410.339573504
1773211410.541155072
1773211410.541155072
1773211410.742736640
1773211410.843527424
1773211410.944319488
1773211411.045112064
1773211411.145904384
1773211411.145904384
1773211411.347489024
1773211411.448281344
1773211411.549073664
1773211411.649866240
1773211411.750658560
1773211411.750658560
1773211411.952241920
1773211412.053032960
1773211412.153824000
1773211412.254615040
1773211412.338607360
1773211412.456197120
1773211412.456197120
1773211412.640980480
1773211412.741771264
1773211412.842562304
1773211412.943353856
1773211412.943353856
1773211413.144936448
1773211413.245727744
1773211413.346519296
1773211413.447310592
1773211413.548102144
1773211413.548102144
1773211413.749684480
1773211413.850476032
1773211413.951267072
1773211414.035259648
1773211414.152849408
1773211414.253640448
1773211414.337632768
1773211414.438423808
1773211414.539214848
1773211414.640005888
1773211414.740796928
1773211414.841587968
1773211414.942376704
1773211415.043164672
1773211415.143952896
1773211415.244740864
1773211415.345528832
1773211415.446316544
1773211415.547104512
1773211415.647892224
1773211415.748679936
1773211415.849467648
1773211415.933460736
1773211416.051051264
1773211416.151843072
1773211416.252635136
1773211416.353426688
1773211416.437420032
1773211416.538211840
1773211416.639003648
1773211416.739795456
1773211416.840587520
1773211416.941378304
1773211417.042169344
1773211417.142960128
1773211417.243751168
1773211417.344541952
1773211417.445332992
1773211417.546123776
1773211417.630116096
1773211417.747705344
1773211417.848496384
1773211417.949293824
1773211418.050093312
1773211418.150892544
1773211418.251692288
1773211418.352492032
1773211418.453292032
1773211418.554092032
1773211418.638092288
1773211418.738892800
1773211418.839693312
1773211418.940489728
1773211419.041285120
1773211419.041285120
1773211421.124333056
1773211421.225121792
1773211421.225121792
1773211421.342708480
1773211421.443496960
1773211421.443496960
1773211421.645073920
1773211421.645073920
1773211421.846650624
1773211421.846650624
1773211422.048236288
1773211422.149029632
1773211422.249822720
1773211422.249822720
1773211422.451409152
1773211422.552202752
1773211422.652996096
1773211422.652996096
1773211422.837784320
1773211422.955374336
1773211422.955374336
1773211423.140157184
1773211423.240947968
1773211423.341738496
1773211423.442529024
1773211423.442529024
1773211423.644110336
1773211423.644110336
1773211423.845691136
1773211423.946483712
1773211423.946483712
1773211424.148069120
1773211424.148069120
1773211424.349654784
1773211424.450447616
1773211424.450447616
1773211424.652033536
1773211424.752826368
1773211424.836820224
1773211424.954410240
1773211425.038402304
1773211425.155991296
1773211425.155991296
1773211425.340773632
1773211425.441564160
1773211425.542354432
1773211425.643144960
1773211425.643144960
1773211425.844725504
1773211425.945518592
1773211426.046312448
1773211426.147106816
1773211426.247900928
1773211426.247900928
1773211426.449488896
1773211426.550283264
1773211426.651077632
1773211426.751871744
1773211426.852666112
1773211426.852666112
1773211427.054248960
1773211427.054248960
1773211427.239032832
1773211427.339824128
1773211427.440615168
1773211427.541406464
1773211427.541406464
1773211427.742988800
1773211427.843779840
1773211427.944570624
1773211428.045361152
1773211428.146151680
1773211428.146151680
1773211428.347732224
1773211428.448522496
1773211428.549312768
1773211428.650103040
1773211428.750893312
1773211428.750893312
1773211428.952474880
1773211428.952474880
1773211429.154057984
1773211429.238050816
1773211429.338842112
1773211429.439633664
1773211429.439633664
1773211429.641216256
1773211429.742007808
1773211429.842799104
1773211429.943590400
1773211430.044381440
1773211430.044381440
1773211430.245963264
1773211430.346754304
1773211430.447545344
1773211430.548336384
1773211430.649127168
1773211430.649127168
1773211430.850708992
1773211430.951498496
1773211431.052287232
1773211431.153076224
1773211431.253864704
1773211431.253864704
1773211431.438643456
1773211431.539431936
1773211431.640219904
1773211431.741008384
1773211431.841796096
1773211431.841796096
1773211432.043375872
1773211432.144165888
1773211432.244956416
1773211432.345746432
1773211432.446536448
1773211432.446536448
1773211432.648116224
1773211432.748906240
1773211432.849696000
1773211432.950486272
1773211433.051276544
1773211433.051276544
1773211433.252857088
1773211433.353647104
1773211433.437638912
1773211433.538428928
1773211433.639218944
1773211433.639218944
1773211433.840798976
1773211433.941591296
1773211434.042386176
1773211434.143180800
1773211434.243975936
1773211434.243975936
1773211434.445566208
1773211434.546361344
1773211434.647156736
1773211434.747952384
1773211434.848748032
1773211434.848748032
1773211435.050335488
1773211435.151128832
1773211435.251922688
1773211435.352716032
1773211435.453509888
1773211435.453509888
1773211435.638298368
1773211435.739091968
1773211435.839886080
1773211435.940678656
1773211436.041469952
1773211436.041469952
1773211436.243053056
1773211436.343844608
1773211436.444635904
1773211436.545427456
1773211436.646219008
1773211436.646219008
1773211436.847801856
1773211436.948593152
1773211437.049384704
1773211437.150176000
1773211437.250967552
1773211437.250967552
1773211437.452550400
1773211437.553341440
1773211437.654132992
1773211437.738125824
1773211437.838917120
1773211437.838917120
1773211438.040499712
1773211438.040499712
1773211438.242082560
1773211438.342873856
1773211438.443665152
1773211438.544456448
1773211438.544456448
1773211438.746039040
1773211438.746039040
1773211438.947621376
1773211439.048412160
1773211439.149203200
1773211439.149203200
1773211439.350784768
1773211439.350784768
1773211439.535567616
1773211439.535567616
1773211439.753947392
1773211439.753947392
1773211439.938731008
1773211439.938731008
1773211440.140314112
1773211440.140314112
1773211440.341897472
1773211440.341897472
1773211440.543480832
1773211440.644272640
1773211440.745064192
1773211440.745064192
1773211440.946647040
1773211440.946647040
1773211441.148228096
1773211441.148228096
1773211441.333010688
1773211441.333010688
1773211441.551389952
1773211441.551389952
1773211441.736172032
1773211441.836962304
1773211441.836962304
1773211442.038547968
1773211442.156141056
1773211442.256935424
1773211442.256935424
1773211442.441725184
1773211442.542519552
1773211442.643313920
1773211442.643313920
1773211442.844903424
1773211442.844903424
1773211443.046489088
1773211443.147281152
1773211443.248073728
1773211443.348866048
1773211443.348866048
1773211443.550450432
1773211443.651243008
1773211443.752035072
1773211443.752035072
1773211443.953619456
1773211444.037612032
1773211444.155201536
1773211444.255992832
1773211444.255992832
1773211444.440776960
1773211444.541567744
1773211444.642359040
1773211444.642359040
1773211444.843941376
1773211444.944732928
1773211445.045524480
1773211445.146316288
1773211445.247107840
1773211445.247107840
1773211445.448691456
1773211445.549483264
1773211445.650274816
1773211445.650274816
1773211445.851858432
1773211445.952650240
1773211445.952650240
1773211446.154233344
1773211446.238226688
1773211446.339017984
1773211446.439809792
1773211446.540601600
1773211446.540601600
1773211446.742184704
1773211446.842976512
1773211446.943767808
1773211447.044559104
1773211447.145350144
1773211447.145350144
1773211447.346932224
1773211447.447723264
1773211447.548514048
1773211447.649305088
1773211447.750096128
1773211447.750096128
1773211447.951678208
1773211448.052469504
1773211448.153260800
1773211448.254052096
1773211448.338044672
1773211448.455634176
1773211448.455634176
1773211448.640418304
1773211448.741209344
1773211448.842000384
1773211448.942791680
1773211448.942791680
1773211449.144374784
1773211449.245166336
1773211449.345957632
1773211449.446748928
1773211449.547540480
1773211449.547540480
1773211449.749123584
1773211449.849914880
1773211449.950708736
1773211450.051507200
1773211450.152305920
1773211450.152305920
1773211450.353903616
1773211450.437902592
1773211450.538701824
1773211450.639501312
1773211450.740300544
1773211450.740300544
1773211450.941897216
1773211451.042689024
1773211451.143480832
1773211451.244272384
1773211451.345064192
1773211451.345064192
1773211451.546647808
1773211451.647439360
1773211451.748231168
1773211451.849022976
1773211451.949814528
1773211451.949814528
1773211452.151396608
1773211452.252187392
1773211452.352978176
1773211452.453769216
1773211452.537761792
1773211452.655351040
1773211452.655351040
1773211452.840134400
1773211452.940925440
1773211453.041717248
1773211453.142508800
1773211453.142508800
1773211453.344092160
1773211453.444883712
1773211453.545675520
1773211453.646467328
1773211453.747258880
1773211453.747258880
1773211453.948841728
1773211454.049632768
1773211454.150423808
1773211454.251214592
1773211454.352005632
1773211454.352005632
1773211454.553587200
1773211454.654378240
1773211454.738370304
1773211454.839161344
1773211454.939952128
1773211454.939952128
1773211455.141534976
1773211455.242326272
1773211455.343117312
1773211455.443908352
1773211455.544699648
1773211455.544699648
1773211455.746281984
1773211455.847073280
1773211455.947864576
1773211456.048656128
1773211456.149447424
1773211456.149447424
1773211456.351030528
1773211456.451822080
1773211456.552613632
1773211456.653404928
1773211456.737398016
1773211456.854988032
1773211456.854988032
1773211457.039771648
1773211457.140562432
1773211457.241352960
1773211457.342143744
1773211457.342143744
1773211457.543725056
1773211457.644515584
1773211457.745306112
1773211457.846096640
1773211457.946887168
1773211457.946887168
1773211458.148467712
1773211458.249257728
1773211458.350048000
1773211458.450838016
1773211458.551628288
1773211458.551628288
1773211458.753208320
1773211458.853998336
1773211458.937990144
1773211459.038782464
1773211459.139574528
1773211459.139574528
1773211459.341158400
1773211459.441950720
1773211459.542742784
1773211459.643534592
1773211459.744326912
1773211459.744326912
1773211459.945910784
1773211460.046702080
1773211460.147493376
1773211460.248284416
1773211460.349075712
1773211460.349075712
1773211460.550658048
1773211460.651449088
1773211460.752240128
1773211460.853031168
1773211460.953822464
1773211460.953822464
1773211461.138606336
1773211461.239397632
1773211461.340188928
1773211461.440980224
1773211461.541771776
1773211461.541771776
1773211461.743354112
1773211461.844145152
1773211461.944936448
1773211462.045728000
1773211462.146519296
1773211462.146519296
1773211462.348102144
1773211462.448893184
1773211462.549684480
1773211462.650475776
1773211462.751267072
1773211462.751267072
1773211462.952849664
1773211463.053640960
1773211463.137633536
1773211463.238424832
1773211463.339215872
1773211463.339215872
1773211463.540798208
1773211463.641589248
1773211463.742380288
1773211463.843171328
1773211463.943962624
1773211463.943962624
1773211464.145546496
1773211464.246338048
1773211464.347130112
1773211464.447921920
1773211464.548713984
1773211464.548713984
1773211464.750297344
1773211464.851089408
1773211464.951880960
1773211465.052672000
1773211465.153462784
1773211465.153462784
1773211465.338246400
1773211465.439037440
1773211465.539828480
1773211465.640619264
1773211465.741409792
1773211465.741409792
1773211465.942992384
1773211466.043787008
1773211466.144582144
1773211466.245377024
1773211466.346172160
1773211466.346172160
1773211466.547762688
1773211466.648558336
1773211466.749353984
1773211466.850149632
1773211466.950944512
1773211466.950944512
1773211467.152528640
1773211467.253320192
1773211467.354112256
1773211467.438105600
1773211467.538897664
1773211467.656488192
1773211467.740481792
1773211467.841273600
1773211467.942065664
1773211468.042857728
1773211468.042857728
1773211468.244441600
1773211468.345233664
1773211468.446025472
1773211468.546817280
1773211468.647609344
1773211468.647609344
1773211468.849193472
1773211468.949985280
1773211469.050778112
1773211469.151570688
1773211469.252363264
1773211469.252363264
1773211469.453948672
1773211469.537942528
1773211469.638735360
1773211469.739528192
1773211469.840320768
1773211469.840320768
1773211470.041905152
1773211470.142696960
1773211470.243488768
1773211470.344280576
1773211470.445072384
1773211470.445072384
1773211470.646655744
1773211470.747447552
1773211470.848239360
1773211470.949030912
1773211471.049823232
1773211471.049823232
1773211471.251407872
1773211471.352200192
1773211471.452992768
1773211471.553784832
1773211471.637778688
1773211471.755369728
1773211471.755369728
1773211471.940155392
1773211472.040947712
1773211472.141740032
1773211472.242532352
1773211472.242532352
1773211472.444117248
1773211472.544909312
1773211472.645701888
1773211472.746494464
1773211472.847286528
1773211472.847286528
1773211473.048870912
1773211473.149662720
1773211473.250454272
1773211473.351246080
1773211473.452037888
1773211473.452037888
1773211473.653621248
1773211473.737614592
1773211473.838406144
1773211473.939197952
1773211474.039994880
1773211474.039994880
1773211474.241589248
1773211474.241589248
1773211474.443183872
1773211474.543981568
1773211474.644779008
1773211474.745576704
1773211474.745576704
1773211474.947171584
1773211475.047962880
1773211475.148754176
