1773211259.840525568
1773211259.840525568
1773211260.546075136
1773211260.646869504
1773211260.747663616
1773211260.848457984
1773211260.949252352
1773211261.050046976
1773211261.150841344
1773211261.251635968
1773211261.352430336
1773211261.453225216
1773211261.554019584
1773211261.638016768
1773211261.738813952
1773211261.839611392
1773211261.940408832
1773211262.041206272
1773211262.142004224
1773211262.242801664
1773211262.343599616
1773211262.444397568
1773211262.545195520
1773211262.645989120
1773211262.746781184
1773211262.847573504
1773211262.948365824
1773211263.049157888
1773211263.149950208
1773211263.250742528
1773211263.351534336
1773211263.452326400
1773211263.553118464
1773211263.637112064
1773211263.737904384
1773211263.838696192
1773211263.939488512
1773211264.040280576
1773211264.141072640
1773211264.241864704
1773211264.342657024
1773211264.443449088
1773211264.544240896
1773211264.645035520
1773211264.745831424
1773211264.846627328
1773211264.947423488
1773211265.048219648
1773211265.149016064
1773211265.249812480
1773211265.350609152
1773211265.451405824
1773211265.552202752
1773211265.652996096
1773211265.736989952
1773211265.837783040
1773211265.938575616
1773211266.039368448
1773211266.140161280
1773211266.240954112
1773211266.341746944
1773211266.442539776
1773211266.543332864
1773211266.644125440
1773211266.744918016
1773211266.845710592
1773211266.946503168
1773211267.047295744
1773211267.148088320
1773211267.248880896
1773211267.332874752
1773211267.450466048
1773211267.551258624
1773211267.652051200
1773211267.752844032
1773211267.853636864
1773211267.954429952
1773211268.038423808
1773211268.139216896
1773211268.240009472
1773211268.340802560
1773211268.441595136
1773211268.542388224
1773211268.643180800
1773211268.743973888
1773211268.844766720
1773211268.945559552
1773211269.046352640
1773211269.147145472
1773211269.247938560
1773211269.348731136
1773211269.449524224
1773211269.550316800
1773211269.651109376
1773211269.751901696
1773211269.852693760
1773211269.953486080
1773211270.054278144
1773211270.138271744
1773211270.239063808
1773211270.339855872
1773211270.440647936
1773211270.541440000
1773211270.642232320
1773211270.743025152
1773211270.843818240
1773211270.944610816
1773211271.045403648
1773211271.146195968
1773211271.246988800
1773211271.347781376
1773211271.448574208
1773211271.549367040
1773211271.650159360
1773211271.750951936
1773211271.851744256
1773211271.952536576
1773211272.053328896
1773211272.154121216
1773211272.238115072
1773211272.338907136
1773211272.439699456
1773211272.540492032
1773211272.641283072
1773211272.742073344
1773211272.842863616
1773211272.943653632
1773211273.044443648
1773211273.145233408
1773211273.246023424
1773211273.346812928
1773211273.447602688
1773211273.548392448
1773211273.649183744
1773211273.749976064
1773211273.850768384
1773211273.951560448
1773211274.052352768
1773211274.153145088
1773211274.253937152
1773211274.337930752
1773211274.438722816
1773211274.539515136
1773211274.640307200
1773211274.741099008
1773211274.841891072
1773211274.942682880
1773211275.043474944
1773211275.144266496
1773211275.245058304
1773211275.345850112
1773211275.446641920
1773211275.547433472
1773211275.648225792
1773211275.749017856
1773211275.849810176
1773211275.950602240
1773211276.051394304
1773211276.135387904
1773211276.252978688
1773211276.353770752
1773211276.437764096
1773211276.538556160
1773211276.639348224
1773211276.740140032
1773211276.840931840
1773211276.941723904
1773211277.042515712
1773211277.143307520
1773211277.244099328
1773211277.344891136
1773211277.445682944
1773211277.546474496
1773211277.647267584
1773211277.748061696
1773211277.848856064
1773211277.949650176
1773211278.050444288
1773211278.151238656
1773211278.252033280
1773211278.352827648
1773211278.453622272
1773211278.554416896
1773211278.638411520
1773211278.739204352
1773211278.839997184
1773211278.940789760
1773211279.041582848
1773211279.142375424
1773211279.243168512
1773211279.343961088
1773211279.444754176
1773211279.545547008
1773211279.646339072
1773211279.747130368
1773211279.847921664
1773211279.948712960
1773211280.015907328
1773211280.150295296
1773211280.251086592
1773211280.351877888
1773211280.435870464
1773211280.553460224
1773211280.637452544
1773211280.738243840
1773211280.839035136
1773211280.939826432
1773211281.040617728
1773211281.141409024
1773211281.242200064
1773211281.342991104
1773211281.443782144
1773211281.544573440
1773211281.645364480
1773211281.746155520
1773211281.846946304
1773211281.947737344
1773211282.048528128
1773211282.149318912
1773211282.250109696
1773211282.350900480
1773211282.451691264
1773211282.552481792
1773211282.653272832
1773211282.754063872
1773211282.838056704
1773211282.938847744
1773211283.039638784
1773211283.140429568
1773211283.241220608
1773211283.342011648
1773211283.442802432
1773211283.543593472
1773211283.644384512
1773211283.745175808
1773211283.845967360
1773211283.946758656
1773211284.047549696
1773211284.148340992
1773211284.249132288
1773211284.349923584
1773211284.450714880
1773211284.551505920
1773211284.652297728
1773211284.753089792
1773211284.853882112
1773211284.937875456
1773211285.038667776
1773211285.139459840
1773211285.240251904
1773211285.341044224
1773211285.441836288
1773211285.542628352
1773211285.643421184
1773211285.744214784
1773211285.845008896
1773211285.945802752
1773211286.046596608
1773211286.147390720
1773211286.248184576
1773211286.348978432
1773211286.449772544
1773211286.550566656
1773211286.651359744
1773211286.752151296
1773211286.852943360
1773211286.936936448
1773211287.037728256
1773211287.138520320
1773211287.222513408
1773211287.340103680
1773211287.440895744
1773211287.541687552
1773211287.642479104
1773211287.743269632
1773211287.844060416
1773211287.944850944
1773211288.045641472
1773211288.146432000
1773211288.247222528
1773211288.348013056
1773211288.448803584
1773211288.549594112
1773211288.650384896
1773211288.751176448
1773211288.851968000
1773211288.952759808
1773211289.053551360
1773211289.154342656
1773211289.238335744
1773211289.339127296
1773211289.439918592
1773211289.540710144
1773211289.641501696
1773211289.742292736
1773211289.843083776
1773211289.943874816
1773211290.044665600
1773211290.145456640
1773211290.246247680
1773211290.347038464
1773211290.447829248
1773211290.548620288
1773211290.649411328
1773211290.750202368
1773211290.850993664
1773211290.951784704
1773211291.052576000
1773211291.153367040
1773211291.237359616
1773211291.338150656
1773211291.438941696
1773211291.539732736
1773211291.640524032
1773211291.741315072
1773211291.842106368
1773211291.942897408
1773211292.043688704
1773211292.144480000
1773211292.245271296
1773211292.346062592
1773211292.430055168
1773211292.547644928
1773211292.648435968
1773211292.749226752
1773211292.850017280
1773211292.950808064
1773211293.051598592
1773211293.152389376
1773211293.253179904
1773211293.353970432
1773211293.437962752
1773211293.538753280
1773211293.639543552
1773211293.740332800
1773211293.841121792
1773211293.941910784
1773211294.042700032
1773211294.143489024
1773211294.244278016
1773211294.345067264
1773211294.445856000
1773211294.546644736
1773211294.647435264
1773211294.748228864
1773211294.849022464
1773211294.949816320
1773211295.050610176
1773211295.151403776
1773211295.252197632
1773211295.352991744
1773211295.453785600
1773211295.537780736
1773211295.638579712
1773211295.739404032
1773211295.840229376
1773211295.941055232
1773211296.041881600
1773211296.142708736
